36.5 -12.5
23 blocks:
-4.5 0.5 9 4
-6.5 -8.5 2 13
-6.5 -9.5 3 1
-1.5 -8.5 1 6
-0.5 -3.5 5 1
3.5 -2.5 1 3
-1.5 -9.5 6 1
-6.5 -13.5 1 4
-6.5 -15.5 11 2
4.5 -10.5 1 2
4.5 -14.5 1 3
5.5 -12.5 5 1
5.5 -10.5 5 1
12.5 -9.5 1 1
17.5 -9.5 1 1
20.5 -9.5 1 1
26.5 -9.5 1 1
4.5 3.5 24 1
28.5 3.5 4 1
32.5 -9.5 3 14
35.5 -9.5 5 1
39.5 -15.5 1 6
31.5 -15.5 8 1
9 spikes:
5.5 -13.5 5 1 0
-0.5 -4.5 5 1 0
4.5 -3.5 1 6 90
5.5 2.5 26 1 0
31.5 2.5 1 1 0
31.5 -9.5 1 12 270
4.5 2.5 1 1 0
30.5 -15.5 1 1 270
31.5 -16.5 8 1 0
0 tramplins:
0 shurikens:
0 stairs:
0 lasers:
0 doors:
0 keys:
3 backgrounds:
-4.5 -2.5 8 3
-4.5 -9.5 3 7
-5.5 -13.5 10 4
