5.5 16.5
20 blocks:
-5.5 0.5 11 6
-7.5 -6.5 2 13
10.5 0.5 1 1
12.5 0.5 1 1
20.5 0.5 1 1
24.5 0.5 1 1
27.5 4.5 1 1
40.5 2.5 1 1
30.5 7.5 1 1
34.5 11.5 1 1
32.5 16.5 1 1
26.5 18.5 1 1
12.5 11.5 19 2
11.5 17.5 1 1
4.5 17.5 3 1
3.5 6.5 2 6
5.5 11.5 7 1
3.5 12.5 1 17
4.5 28.5 37 1
40.5 3.5 1 25
6 spikes:
12.5 10.5 19 1 0
5.5 10.5 7 1 0
5.5 3.5 1 7 90
39.5 3.5 1 24 270
4.5 27.5 36 1 0
4.5 18.5 1 9 90
2 tramplins:
21.5 21.5 1 1
17.5 17.5 1 1
1 shurikens:
12.5 17.5 2 2
0 stairs:
1 lasers:
5.5 2.5 35 1 90 1.000000
1.000000
0.000000
0 doors:
0 keys:
0 backgrounds:
