22.5 3.5
36 blocks:
-6.5 -5.5 14 1
-6.5 0.5 14 3
-16.5 0.5 5 9
-6.5 3.5 3 10
-21.5 12.5 15 1
-21.5 6.5 1 6
-28.5 0.5 12 1
-28.5 1.5 1 6
-27.5 6.5 6 1
-10.5 -9.5 4 5
-28.5 -18.5 1 10
-27.5 -18.5 21 1
-7.5 -17.5 1 8
-11.5 -12.5 1 1
-13.5 -12.5 2 1
-12.5 -9.5 1 9
-26.5 -9.5 14 1
-25.5 -15.5 3 3
-28.5 -8.5 1 9
-26.5 -8.5 1 8
-25.5 -1.5 13 1
7.5 -5.5 7 1
7.5 1.5 7 2
14.5 -5.5 13 1
19.5 1.5 1 2
20.5 1.5 4 1
24.5 1.5 2 1
22.5 4.5 1 1
25.5 2.5 1 3
19.5 3.5 1 2
13.5 3.5 1 7
30.5 -5.5 1 15
27.5 -5.5 2 1
29.5 -5.5 1 1
30.5 9.5 1 1
-25.5 -8.5 13 7
2 spikes:
-15.5 -10.5 4 1 0
-22.5 -17.5 8 1 180
1 tramplins:
14.5 9.5 16 1
4 shurikens:
-13.5 -13.5 2 2
-19.5 -10.5 2 2
-24.5 -14.5 3 3
-27.5 -17.5 4 4
0 stairs:
2 lasers:
-20.5 11.5 14 1 90 2.000000 0.500000 0.000000
8.5 -4.5 5 6 0 2.000000 10.000000 0.000000
4 doors:
6.5 -4.5 1 5 255 0 0 255
-26.5 1.5 1 5 0 255 0 255
-12.5 -0.5 1 1 0 255 0 255
-27.5 -9.5 1 1 0 255 0 255
2 keys:
-27.5 -13.5 1 1 0 255 0 255
-27.5 3.5 1 1 255 0 0 255
11 backgrounds:
-27.5 1.5 11 5
-20.5 6.5 4 6
-16.5 9.5 10 3
-11.5 -4.5 5 14
-6.5 -4.5 14 5
-11.5 -9.5 1 5
-27.5 -17.5 20 8
-27.5 -9.5 1 10
-26.5 -0.5 15 1
7.5 -4.5 7 6
14.5 -4.5 16 14
