-19.5 18.5
34 blocks:
-1.5 -1.5 3 1
-1.5 4.5 1 1
0.5 4.5 1 1
-3.5 6.5 3 1
0.5 6.5 3 1
-3.5 -1.5 1 8
2.5 -1.5 1 8
-7.5 -5.5 5 1
-3.5 7.5 1 4
-11.5 10.5 8 1
-7.5 7.5 1 1
-11.5 7.5 4 1
3.5 6.5 21 1
-16.5 10.5 5 1
-16.5 -5.5 1 16
-11.5 -5.5 1 13
-19.5 -5.5 3 1
-11.5 -9.5 1 4
-19.5 -9.5 8 1
-24.5 10.5 8 1
-39.5 10.5 14 1
-26.5 9.5 1 1
-24.5 9.5 1 1
-27.5 11.5 1 6
-23.5 11.5 1 6
-26.5 16.5 1 1
-24.5 16.5 1 1
-27.5 17.5 1 5
-26.5 21.5 10 1
-17.5 16.5 1 5
-22.5 16.5 5 1
-7.5 -4.5 1 12
-1.5 -0.5 1 1
0.5 -0.5 1 1
6 spikes:
3.5 5.5 21 1 0
-7.5 -6.5 5 1 0
-23.5 9.5 7 1 0
-39.5 9.5 13 1 0
-19.5 -10.5 9 1 0
-17.5 -4.5 1 14 270
1 tramplins:
-0.5 6.5 1 1
0 shurikens:
0 stairs:
11 lasers:
-15.5 7.5 4 1 90 2.000000
1.000000
0.000000
-15.5 2.5 4 1 90 3.000000
1.000000
0.000000
-15.5 -3.5 4 1 90 1.000000
1.000000
0.000000
-18.5 -8.5 1 3 0 0.500000
0.500000
0.000000
-26.5 11.5 1 5 0 0.000000
10000.000000
0.000000
-24.5 11.5 1 5 0 0.000000
10000.000000
0.000000
-6.5 -0.5 3 1 90 1.000000
5.000000
0.400000
-6.5 2.5 3 1 90 1.000000
5.000000
0.200000
-6.5 5.5 3 1 90 1.000000
5.000000
0.000000
-1.5 0.5 1 4 0 0.000000
10000.000000
0.000000
0.5 0.5 1 4 0 0.000000
10000.000000
0.000000
0 doors:
0 keys:
7 backgrounds:
-2.5 -0.5 5 7
-15.5 8.5 9 2
-15.5 -5.5 4 14
-18.5 -8.5 7 3
-26.5 11.5 3 6
-26.5 17.5 9 4
-6.5 -4.5 3 15
