17.5 -32.5
12 blocks:
-2.5 1.5 5 1
-2.5 -10.5 1 12
1.5 -10.5 1 12
-6.5 -25.5 1 15
5.5 -25.5 1 15
-6.5 -34.5 1 9
-5.5 -34.5 12 1
6.5 -34.5 13 1
6.5 -30.5 13 1
5.5 -30.5 1 5
19.5 -34.5 1 5
11.5 -29.5 3 1
4 spikes:
-1.5 -4.5 1 4 90
0.5 -10.5 1 3 270
4.5 -30.5 1 19 270
-5.5 -33.5 1 22 90
9 tramplins:
-5.5 -11.5 4 1
1.5 -11.5 4 1
-3.5 -13.5 1 1
1.5 -15.5 1 1
2.5 -19.5 1 1
0.5 -22.5 1 1
-3.5 -24.5 1 1
-0.5 -27.5 1 1
2.5 -30.5 1 1
1 shurikens:
11.5 -31.5 3 3
0 stairs:
0 lasers:
1 doors:
5.5 -33.5 1 3 0 0 255 255
1 keys:
-3.5 -25.5 1 1 0 0 255 255
3 backgrounds:
-1.5 -11.5 3 13
-5.5 -33.5 11 22
5.5 -33.5 14 3
