-35.5 -3.5
47 blocks:
11.5 7.5 1 5
12.5 -5.5 16 1
27.5 -1.5 1 9
26.5 6.5 1 1
23.5 4.5 1 1
19.5 4.5 1 1
24.5 -1.5 3 1
16.5 2.5 1 1
12.5 -0.5 1 1
17.5 -1.5 1 1
20.5 -1.5 1 1
28.5 -1.5 3 1
30.5 -9.5 1 8
12.5 -8.5 16 3
30.5 -11.5 1 2
11.5 -11.5 19 1
11.5 -8.5 1 9
-13.5 4.5 1 8
-15.5 4.5 2 1
-25.5 5.5 1 14
-22.5 5.5 1 14
-22.5 0.5 1 5
-25.5 0.5 1 5
-25.5 -0.5 1 1
-25.5 -1.5 11 1
-19.5 1.5 1 1
-25.5 19.5 1 2
-15.5 5.5 2 7
-15.5 14.5 2 3
-1.5 14.5 7 7
4.5 12.5 1 2
-5.5 17.5 1 1
-1.5 21.5 1 2
-14.5 22.5 13 1
-14.5 17.5 1 5
-3.5 21.5 1 1
-7.5 21.5 1 1
-10.5 19.5 1 1
-12.5 16.5 1 1
-24.5 20.5 3 1
-15.5 17.5 1 4
-15.5 -0.5 1 2
-13.5 -2.5 1 4
-24.5 -3.5 12 1
5.5 12.5 7 1
-38.5 -1.5 13 1
-38.5 -5.5 1 4
28 spikes:
-12.5 5.5 1 6 90
10.5 7.5 1 4 270
24.5 -0.5 3 1 180
23.5 -1.5 1 1 270
18.5 4.5 1 1 270
20.5 4.5 1 1 90
22.5 4.5 1 1 270
24.5 4.5 1 1 90
17.5 2.5 1 1 90
15.5 2.5 1 1 270
16.5 -1.5 1 1 270
18.5 -1.5 1 1 90
19.5 -1.5 1 1 270
21.5 -1.5 1 1 90
10.5 -11.5 1 1 270
11.5 -12.5 17 1 0
-12.5 4.5 1 1 90
-2.5 21.5 1 1 0
-5.5 16.5 1 1 0
-6.5 17.5 1 1 270
-6.5 21.5 3 1 0
-13.5 21.5 6 1 0
-16.5 4.5 1 7 270
-24.5 -4.5 12 1 0
-21.5 3.5 1 15 90
-38.5 -6.5 1 1 0
-37.5 -5.5 1 1 90
-31.5 -2.5 3 1 0
3 tramplins:
12.5 7.5 16 1
-21.5 20.5 6 1
-12.5 11.5 24 1
0 shurikens:
2 stairs:
-24.5 0.5 2 19 90
-4.5 17.5 3 1 90
1 lasers:
11.5 0.5 1 7 0 1.700000
10000.000000
0.000000
7 doors:
2.5 12.5 1 2 0 255 0 255
11.5 -10.5 1 2 0 255 0 255
-14.5 0.5 1 1 0 255 0 255
-22.5 -0.5 1 1 0 0 255 255
-22.5 19.5 1 1 0 0 255 255
-13.5 14.5 12 1 0 0 255 255
-14.5 -0.5 1 1 0 0 255 255
2 keys:
27.5 -3.5 1 1 0 255 0 255
3.5 13.5 1 1 0 0 255 255
12 backgrounds:
11.5 -4.5 17 12
28.5 -10.5 2 9
11.5 -10.5 17 2
-15.5 1.5 3 3
-21.5 -0.5 6 21
-24.5 19.5 3 1
-24.5 -0.5 2 20
-22.5 -0.5 1 1
-14.5 -2.5 1 4
-24.5 -2.5 10 1
-15.5 12.5 20 2
-13.5 14.5 12 8
